646960
9666
347
4881
5810
283383
1292
6666
6557
115426
51663
144100
125336
4242
257194
156
5597
24139
79586
56034
5473
10025
1337
54961
4016
51441
7008
79797
200523
23132
56892
369
23308
306
29842
1849
10634
10616
2152
392862
65977
8549
3975
26095
60386
23002
1080
63898
3866
160897
1811
23376
1268
56898
54209
8027
84287
4899
23613
57413
22809
3717
56654
2632
7349
7920
1773
150677
5093
80224
84707
55818
55793
100652748
84106
79791
3577
9786
54815
58
10456
79048
5184
219793
57521
373863
55117
114088
6786
115209
7409
993
267
4775
6198
25906
108489980
120237
8512
7913
4125
152006
7297
150
3700
3849
64946
140690
2074
729920
2137
27315
55914
83874
5359
5518
90417
11077
65266
2335
1272
149371
79575
149345
214
256764
5179
9480
1636
153241
613
6389
7099
5607
79626
9863
64841
2707
5034
139411
5731
124446
55787
4753
389421
89781
2703
9255
3643
23300
729
9568
10252
84570
257629
6670
10146
51125
79001
2720
91464
124925
27230
4217
54972
55884
64834
126014
81706
125972
9469
2841
116372
7857
124857
685
116379
284076
10437
6550
4507
250
3273
1428
274
223
5923
5365
116071
2078
27257
341567
57670
23644
54329
6586
10063
10139
5664
3614
80271
10734
9200
57186
11127
9581
4293
30844
59352
11214
340260
9124
5930
4898
7357
23399
146862
8492
9456
629
4064
826
10075
2261
27101
9125
26509
55212
4635
3856
7139
5096
91012
78999
23643
56729
84876
2895
4722
55051
55843
11188
3911
10133
2820
83468
79071
6019
2845
144455
6876
2798
283078
5897
8459
219537
727
54796
10
56655
5208
23671
4009
25778
7043
285671
23761
5530
8704
25793
162417
57468
85340
4155
10631
10413
10803
64395
55316
2587
23286
64221
57563
55614
25801
23583
2272
54778
85407
84417
55591
5576
64005
55388
9570
9716
57097
9653
9961
112476
338321
5515
56302
1135
2812
4330
338094
2140
8971
6432
9267
55171
3570
146923
317781
5376
6751
3362
112616
57477
22924
4627
10459
9725
1725
160364
2619
387521
8174
9643
1356
84464
54848
1149
57515
222545
9475
9940
6744
6574
56341
199990
6900
23460
2925
7456
25855
27113
286133
25777
11187
113189
2792
26578
3397
5153
375337
4595
79414
5833
4259
200539
4855
23213
10273
256643
7421
4646
5307
4763
134353
11274
633
1044
3167
10885
92747
8851
3239
10154
9487
599
4956
10280
6615
60412
56259
9260
29933
948
222894
5536
4232
225
55840
389692
80173
467
51176
1944
55003
23746
3601
376132
84318
27085
6538
29803
133150
7165
23530
164312
8887
4439
64284
158866
51447
115908
5594
145270
127018
10636
4323
388324
64788
968
4682
25794
80115
6311
50674
137392
57104
133522
57144
2661
25804
7410
11131
5973
23705
285148
25945
55040
9891
1523
23581
5921
1182
55515
9994
91543
246
729993
4726
7066
10661
116039
4320
221711
7433
7068
10369
1902
5058
10945
23224
80149
131616
26
9388
576
8976
400506
23451
160418
3827
10053
56980
26046
2676
23244
53373
1956
27190
9262
169166
6402
79147
26512
255631
259266
57591
8516
660
59336
5934
6738
222236
3800
10930
7080
51692
3216
3927
5253
55275
100423062
55558
51527
103910
51490
1840
115727
4846
57520
4638
474344
7291
27076
63950
5347
11334
57282
8897
7082
11221
2650
6541
55122
137695
2138
9699
123
8694
3549
60370
1066
57575
5631
57673
5905
4958
5912
266
6693
8905
64116
102724560
2911
11282
4622
212
10479
22895
11281
11067
22849
2876
53820
1406
7287
56135
57657
4640
6257
23607
9370
146894
9748
64924
54106
201501
2875
9517
6699
51412
781
55362
8930
51311
95681
6464
1128
8943
23178
1482
2916
5172
200734
2213
7398
90249
1448
1041
1311
3425
2625
2287
6741
5727
1427
85348
90362
51604
26056
639
27180
7769
60676
2833
10998
3784
10577
91603
55283
79823
2835
10612
83667
240
54729
29899
28962
6503
4524
1585
146556
79800
254173
6330
3619
81027
26012
5970
3676
2729
2296
30827
60677
23586
23380
975
6565
84193
5437
29922
5010
92345
118
10267
387733
3772
7386
284486
23406
55773
6567
9915
632
6342
503612
401262
2247
2168
9659
6332
7111
5314
9486
202
53615
2950
29761
257101
2288
10044
270
25976
27071
27198
11060
9993
23769
8085
9127
338557
1979
23092
7350
90268
8744
55054
4643
340784
5319
8843
192668
64844
1579
3218
4909
9719
57688
349149
4800
9188
51555
55806
25948
118788
2701
4782
197358
55083
84057
23387
6915
721
7976
1478
10417
2815
319
3977
7471
10761
116512
9074
4097
55908
941
5902
4335
410
10410
22914
81550
1317
51668
143187
6944
6583
1294
79868
55081
79365
27199
3665
4248
9321
126206
50944
23154
83893
64764
8635
57192
29104
1376
133308
5245
10300
8038
57595
2189
729330
146206
4345
4288
3778
950
57512
11069
388325
8996
2004
30845
10948
3732
22992
83543
84958
55342
51327
6453
2215
78987
30819
10988
5591
5292
23336
284194
54545
27175
3065
84634
344022
939
80004
5498
3155
154197
3820
4602
9241
84172
221908
8544
8796
1910
23632
83878
120
10762
957
5875
23371
133060
9975
2597
390259
2787
55869
26508
1017
374378
84708
23118
5429
23353
148345
56287
642658
10019
651
6713
7918
7352
795
55276
3301
53831
6941
10011
6222
5504
91662
7475
2160
6442
3034
79807
57561
23234
6721
115557
23030
139341
84694
391
360
6423
5411
3094
3082
2886
65993
10114
10563
4504
1271
1043
8861
59344
57560
7353
2691
16
7374
4668
6653
23492
9231
10509
6369
580
2355
84516
9667
4210
8879
23135
339
1643
7358
676
93166
7477
2181
4804
79363
158219
2735
6717
25939
54806
6262
57456
58490
4929
23522
8570
929
8398
91687
9554
91653
30009
1828
1375
25792
133686
60484
1801
696
79621
115861
375316
1012
1832
3594
151648
6886
4698
392
10126
6094
57142
55207
9420
245972
51231
79658
84687
23312
11010
55252
400569
8553
2771
399823
10312
338917
2254
3764
5787
55151
60436
116337
1515
134
6575
221937
973
9219
23432
8178
6535
1473
5968
55735
11166
23013
140775
256714
7468
953
3987
83637
25
171558
994
92359
55781
221914
7940
323
84062
2898
4054
22981
2548
11314
1393
4850
441282
29118
6046
2354
221322
23331
1000
1381
4938
1495
5702
93621
1728
6755
5467
3033
3207
9467
3108
2762
5961
8751
3182
84124
3454
5829
8289
1642
27302
116444
196883
284451
3170
79888
578
91608
26973
2637
2830
6401
1058
2658
6101
613209
54625
9496
5533
1802
11005
81790
55687
8110
132014
6160
56659
158
11343
788
1457
3183
8759
219348
11345
9361
7056
23046
3934
84878
9489
53919
9437
79957
161582
5133
79039
288
120376
3910
5475
64838
8611
51053
6772
2620
727897
1286
3204
377007
8915
55824
27301
7545
653689
5076
5713
10162
58480
8600
4256
857
2559
1906
1159
158067
4664
9750
2176
7703
7881
5329
51704
51246
28984
66002
273
3791
925
4069
6749
1476
7142
5705
55929
9306
23122
83447
241
4619
10549
444
354
387695
3984
8578
84418
26524
2905
9988
5696
158326
9462
11108
140894
3937
960
6426
6146
83401
81611
51299
9227
403
9927
51320
8985
340665
117157
23504
54763
890
2623
128866
30061
7984
339302
146664
282996
114548
6840
10963
360163
3595
8826
51762
433
10802
2315
954
8533
1404
130888
6676
25909
2150
29767
6781
6652
9293
6927
51268
3575
94234
634
8505
55118
3306
23626
56666
5565
10589
1418
291
55023
255743
6559
91404
5087
56896
26051
84706
747
2048
54386
114131
54870
51244
23066
641700
5606
2893
200162
64919
400916
10102
1909
84504
51195
9037
81926
64208
216
204474
6857
55830
132320
85458
84666
1908
64411
2260
26119
3613
4215
11344
55624
3516
4023
23148
10124
7809
57602
29992
51720
5274
9612
7186
26263
6470
22871
8468
84888
2202
23277
85403
131965
78986
4130
84064
7379
54510
26160
7441
8554
51280
11063
1822
128506
4633
84293
26039
2069
23051
55036
269
9181
4849
177
821
715
159195
374403
6760
2563
675
7114
55578
57492
11168
1861
148979
7020
79447
4594
128
64094
9479
165904
83658
116173
51057
57643
124976
346673
6382
163486
2764
397
83853
64641
51092
6483
7048
23314
23476
2982
29940
8854
5626
6621
56987
730249
55577
8711
4261
5894
6773
51001
7323
221400
23588
7434
9738
4810
4986
84701
10628
2149
4025
52
4192
441151
10801
9985
84250
3237
9334
11141
3737
439
54440
55236
6285
81622
64781
3777
148713
25999
817
4357
7294
250
10632
84668
5563
9421
80119
342977
117166
23001
2774
3351
26268
29126
7292
79879
55585
284071
26272
1662
23020
256281
23732
162494
350
10009
439921
4048
23429
64145
29997
54977
9283
9095
80821
55504
8637
56676
200933
59277
341276
79143
1154
5828
8747
10899
3384
5081
3714
1850
8970
4678
157574
55109
1357
5878
80853
7096
57381
7784
9589
3675
23166
5649
5723
6793
29801
10498
81617
5023
84844
167826
7483
57369
51146
178
2775
60
54831
1630
3178
506
1875
9820
58191
2823
161497
11079
57120
9270
7104
3257
81493
638
8801
5304
84879
29841
4478
64130
1053
6595
10906
152573
168667
3625
5046
54856
6561
200558
256297
284217
51258
9851
2006
1262
3710
678
7484
64093
22876
50943
168975
116113
6853
4047
29843
2989
1420
54620
51374
374768
11017
345079
2475
202309
5989
51651
51742
10002
2782
23396
9145
129787
283358
2781
51621
6642
4828
90
5741
161003
10614
729238
1201
2103
8325
57690
414328
9254
8518
27319
9147
167465
3881
3663
9312
79623
5581
123263
8856
79959
317649
4880
3993
23369
2901
23085
5775
285440
23566
8718
7295
6346
3382
498
6152
22821
4049
157657
79738
9342
2054
51109
144811
915
28513
9252
1282
4074
89944
501
286451
1879
9457
6939
4632
6240
2273
43847
63951
2252
134429
57480
90161
571
8608
91647
8693
7019
1588
57696
10165
57111
189
4336
129880
9690
57683
50506
5968
3995
57157
26762
200576
9314
1493
79659
1137
80834
64422
10768
1004
23191
10655
6505
5740
10840
391059
6415
2641
51741
153768
57605
140825
1641
29110
89866
5169
9047
3175
55799
80762
55534
4360
646480
5600
10524
4853
60509
81502
84665
23063
257144
55178
92344
7424
55777
10161
11247
60561
653808
85450
1952
8673
58986
149111
390
7455
2799
80315
83982
3569
83595
2914
23090
55924
23635
6484
405754
58155
3796
84273
2617
171389
8324
3798
22915
10293
619373
6584
386724
1266
767
8573
116443
1837
2256
8882
252969
29103
55466
126326
9399
9439
4053
3606
1733
4778
51510
5089
3211
6579
221154
491
7356
23608
2132
6548
51684
3725
2646
112724
8189
2230
10600
81490
66004
1487
5724
22925
23431
3875
2952
6455
4745
3006
2281
9934
4821
4211
347732
1123
6726
23598
1767
64699
590
5799
84519
26511
117155
56899
55031
4337
5372
116841
9033
51330
3087
5621
7728
652968
3068
4883
4135
125206
2628
6938
6499
10747
10568
54675
26960
1439
3609
4817
5639
64651
57446
23521
79840
80168
2867
150726
22976
10155
2954
5569
10609
1114
5465
112942
7416
9787
116983
6832
4194
6282
5226
23119
91801
84292
30812
114770
55679
5422
9538
640
6391
375298
254013
8061
2694
10901
4923
388931
284340
10220
23204
51274
146059
6597
5991
10332
23237
9663
63893
51547
378884
60681
56155
7305
344905
4618
1327
169200
9261
389941
2323
9743
25914
3562
285888
10446
81554
5140
6449
29785
5651
84191
202559
80144
80059
10297
8907
3355
4361
2983
10409
6528
4289
11254
126133
219539
1820
51366
8292
23636
10089
27133
8078
2258
8406
3706
203238
8506
2739
10767
1028
79915
26256
3635
1142
54541
27293
10935
83939
203228
253714
148229
342035
490
5885
26136
348932
64109
81609
9856
5514
1465
10594
7402
9068
1591
147872
7391
7306
55812
8266
64397
51458
5305
143279
84164
10514
5886
10100
54768
196528
6925
6856
2295
126306
130507
142891
79132
6288
219988
7803
3313
22853
51117
79944
55857
3909
57576
4015
84661
253827
29775
2856
3229
125228
5998
4179
85416
122618
2681
50628
8443
5083
51479
6869
90550
3818
4212
221409
5288
6804
79633
1871
5873
10197
949
51171
6159
55201
9465
2049
114897
8022
10838
5570
86
6236
84662
8526
5160
9133
8315
6419
11116
29881
3600
8456
28964
55920
51616
55607
23077
83442
51170
221395
8940
169792
2819
2242
1756
55627
390275
1543
558
10423
4856
2785
7182
7403
10491
10203
11213
151011
219902
79008
8615
26470
57019
5192
4902
4056
4294
7314
9563
79837
11143
7408
4204
56941
79727
3014
10164
1441
23569
6663
93210
11065
3164
23047
10344
2277
54862
3373
9322
5158
914
388531
401409
3093
672
8764
163175
79651
3221
2668
84984
2077
5470
4190
220323
7071
26003
4803
10539
9052
25942
115650
152586
6404
4240
23229
23594
53918
6493
1280
151887
58508
1072
2550
10749
2171
8877
8607
7262
84072
5598
8323
183
102723475
643376
55775
55327
390003
51316
1051
1179
1447
6529
5308
28960
643
90865
5228
4920
54487
1519
10193
5163
9139
22865
84376
4914
7161
79660
5364
7473
54714
7156
83746
10724
9595
5629
4922
9093
5900
219285
8204
122416
997
3001
7222
9140
2677
100505767
8435
53917
56920
266553
58538
7132
81606
9625
129049
3781
344892
54467
10886
63910
9210
411
25769
79581
6722
57704
6909
2187
24149
7392
10277
6690
6708
4254
10550
10399
83933
8742
5593
4133
4862
7227
10683
64096
84232
27284
3202
117581
1943
80142
398
56886
9507
9924
2719
1812
2857
27109
56605
5803
8741
3308
4868
5442
3836
6801
1823
8722
3249
7532
6428
23352
102723508
4093
5744
1130
7083
29781
6855
9100
331
867
10096
3705
27120
4223
51234
41
23161
224
81618
6372
5121
2313
3294
91582
51297
10873
26168
958
340485
79932
11107
115111
4300
5111
4838
122706
5924
4161
5202
56850
10870
435
2635
51361
84759
735
114803
57822
79158
4693
100506564
7126
114898
203447
5583
27092
51573
56063
10663
89958
9735
8840
84230
3071
10868
84818
10869
135
10023
54866
1020
3352
56243
164
100
3131
5147
92609
3642
23481
79784
9450
80704
5795
1901
57732
83854
9046
776
3337
6517
285343
7037
23261
8807
116447
10538
8131
7296
7058
7535
3931
8913
7136
84152
25847
79983
56919
79701
1141
51335
5881
2831
5837
79741
79867
23334
768
170302
10971
7031
9318
337
434
80207
11096
126626
146330
10893
137964
343472
6424
2334
282991
4762
390992
5367
8869
57631
114327
5270
3767
91039
55084
51517
1577
2053
9837
24137
2538
23649
27032
64240
10788
55294
6096
8784
4815
51094
4258
3605
5916
4128
5456
10537
65250
1066
11211
2262
3224
64318
3491
4988
9403
57486
8200
3672
23767
9980
329
6555
1133
340547
8322
9866
93145
4066
3458
984
64425
51247
3858
6905
4552
124872
6261
54503
3623
51107
84447
10775
8613
51186
100141515
4586
57508
1787
207
152185
147929
157807
401505
87178
8864
400629
246330
3169
80332
54904
107436076
54984
51422
25886
2940
148022
55894
2357
575
166647
4628
345193
526
390443
80036
6997
3198
1825
6658
1859
2931
133957
100420505
55640
10202
2957
3633
8202
5297
8871
29127
399967
11023
6366
1981
3972
90204
23646
11078
3295
1954
2572
10718
186
84132
7007
11197
2316
5195
53345
100506658
153090
27197
4900
9665
388650
8692
286187
10972
164656
9324
57628
656
8682
56924
65010
116362
59271
728597
26576
23062
6519
22937
477
10808
7525
5358
27129
2733
57545
3340
6572
3691
786
55811
80344
3988
90956
37
162514
50848
9573
10216
22933
8728
5327
23208
4953
80199
56944
4298
1734
1876
8789
4908
5620
7348
1676
55135
1896
338811
84107
54928
1572
5534
5999
27125
29128
84940
8460
11057
128497
64320
7428
80765
27181
57708
57589
286205
382
1740
57600
50940
3763
7738
8418
582
5094
9761
7482
5091
1118
916
54892
10117
4756
6095
7299
1846
4884
57556
57531
23456
563
799
10981
6845
3981
3930
1847
26232
6591
11122
4306
6474
2346
83544
3628
10093
10461
2592
8082
7018
79668
1022
10664
80243
3145
1741
79925
57619
494551
1453
7448
865
7827
401
51203
149041
55704
200931
4582
81873
1301
51561
11279
150572
3105
54345
51475
2207
2882
142680
2218
5321
51530
51626
254263
54884
57728
3212
3586
11019
5037
1603
9367
51166
9149
10894
64332
55226
79849
26279
353238
6439
4001
3603
6643
55612
5778
54681
100316868
11280
8618
9745
8471
1639
23415
79665
135892
54361
4292
219670
10291
1371
51205
81704
6623
23368
10328
5069
3187
64806
57787
5409
2055
132864
340146
55301
6361
50507
204219
64236
10750
64743
64802
150280
10215
25809
64223
3233
26053
10927
51295
7006
79643
7840
9709
54463
58985
3026
1675
284086
84733
641842
117283
8379
2734
51022
3980
5800
28951
4893
55647
8766
123016
1522
23075
5784
1069
159091
5154
815
8433
3680
340168
3159
117579
165
712
9039
6795
55755
1736
1200
3231
746
9132
51312
390243
84619
10871
10673
5468
5579
11022
7224
11117
8372
60493
9543
168391
1649
9253
8706
6854
54664
1489
5290
9654
5024
1026
23678
143872
64645
10672
57818
1112
25876
23038
79703
128864
8241
57552
55120
10950
1629
84978
1809
646479
4654
54847
351
9448
10714
9697
6303
1795
5511
55145
7753
1364
2840
375616
338
143689
2706
1296
342371
339855
146
389816
55187
57805
5641
79930
6917
90410
495
6370
6336
4012
7390
6657
3030
115098
3055
5146
54820
5459
91452
57126
5663
64114
6752
10336
7078
8645
5008
10682
3704
5551
5423
229
10980
5734
6778
1735
1036
22918
64601
2879
53405
91947
55192
10279
121665
3741
113612
26084
4224
2889
55858
6510
93587
149499
53836
39
3855
84871
117157
284001
51149
2959
51686
8837
1674
8482
9841
154865
3757
2122
81693
2657
79628
1615
80024
4312
80712
9772
137814
9381
157695
23266
4703
57511
285
59
57332
7041
160622
387712
3720
80298
1415
4521
139716
51305
10454
8799
5604
23198
152926
1776
5361
6498
5646
84343
22930
845
8867
3760
100133941
23129
79644
255809
130367
6399
9197
421
93978
9473
7157
128977
58473
7343
9793
2494
4059
2051
64283
31
653361
1911
10782
2992
57084
2034
3482
50619
1717
8800
8487
5453
30837
56907
90459
4969
338339
3590
55124
1456
10875
2135
152559
112464
3578
9938
85366
26002
440275
1186
8326
284058
283847
10825
2073
3747
10558
50624
2731
4641
9618
55746
10953
5166
4158
1188
6579
10910
222698
83440
63971
1310
54549
154
221421
1759
23462
84787
121793
3660
203
3920
102
23557
1949
9002
22917
1638
9844
3364
59269
1889
338879
9958
974
8941
53
7589
9477
51208
823
51135
29099
146760
1361
10253
346562
7283
1158
81624
7318
3363
23567
333
4067
5927
6117
3357
9737
57410
55998
155038
29958
81626
7399
7702
253039
8291
64127
55759
51111
56257
83938
23347
1435
785
6506
9545
150353
2255
2010
6363
23408
308
4783
2125
356
81848
57613
55909
537
6367
57082
7087
3177
117145
27202
387755
4987
3899
5914
8243
1890
5144
7401
5978
51206
8530
23358
26291
5027
9730
51397
7555
7869
54855
1103
653677
6890
64324
78996
3196
11179
29945
753
55471
5205
29949
1395
1039
64499
8522
55107
55179
9114
55652
7373
100127206
6935
1308
79577
57216
317762
1991
84148
26191
3040
126695
138162
92211
23558
4245
55035
29985
5356
594855
7422
200894
10007
222553
2583
2649
64091
2318
1794
10923
79609
64689
7203
84466
8787
9757
5549
405753
3827
23169
144715
344
1108
794
1101
204962
84335
85406
6812
29880
128637
9724
6532
5883
3832
643866
7185
55129
5720
3201
284
9429
51185
5577
10163
6662
50852
6895
5031
10641
649
10567
894
64778
7093
8312
10603
115948
55509
92906
114815
339175
3872
23318
6707
151742
29986
1796
57582
7709
388939
145264
51132
9248
819
10519
1718
5552
2072
9056
81689
8409
5336
3052
125981
65018
54795
2626
7014
116519
50515
10887
11146
146802
5443
2566
3059
79726
10533
9982
169355
10588
221
546
4790
4122
10490
5585
79733
85440
5341
84444
7130
5650
55779
116986
2339
5788
23446
3275
353116
6376
7045
6710
245913
22952
378807
89869
4221
54943
921
8224
148738
57451
6048
51715
57662
57498
347273
64123
7454
22848
2844
3688
922
196446
6794
10499
59283
10730
3652
119180
5860
23473
6999
5764
376497
8428
8404
130872
147409
10486
6888
10908
858
133418
6691
338328
26504
9509
8099
473
7850
130951
6780
9453
64135
10205
26146
27173
145282
8396
8776
6098
90025
10274
219409
5393
1959
7799
6443
83478
55273
159090
57185
55312
57716
9701
285231
9696
245812
637
55211
1387
255324
1462
7178
51284
3658
6813
51428
151176
440279
10368
51574
6447
4867
2956
147372
121227
5802
6547
54741
3251
54521
148581
2744
55532
51535
3098
5063
64854
2760
57089
7076
124997
6403
10483
3426
4162
658
23299
5408
4092
5602
6924
7159
8717
7148
3964
7494
442721
2551
415116
1982
9353
1613
2175
167681
5104
79969
608
285025
30818
91368
84727
84873
8029
63948
57053
85379
9315
6352
4916
1303
3195
54505
1138
51761
222166
7013
94107
5204
9971
991
7572
92
25791
80336
222662
60625
65082
2700
113510
7024
124565
7247
59353
85007
2892
375307
123904
2011
8493
100507747
2191
2639
6540
84912
5357
3670
26257
4004
64847
10194
51450
7091
5346
10296
4885
231
26998
8786
3786
79613
51473
4089
5049
389075
81788
2068
25806
121536
9516
11260
182
1758
135935
3075
51380
6340
57099
64975
7779
4973
57117
55293
113201
3490
6736
11240
81832
2922
2302
10507
161357
2309
9341
517
161
525
1265
9693
83992
51156
10592
23150
84100
5493
81833
129607
26058
10331
54968
2516
3957
7220
1540
113130
5699
1750
83932
340419
26035
84203
2742
2826
1521
2675
374659
23620
605
2949
8738
5430
165918
9867
23515
7155
85569
51599
2709
2045
7706
5947
4038
4889
6482
379
51110
130916
6594
10570
2001
10318
8309
7251
10781
56950
25943
2936
58515
27030
2128
1962
6356
171017
9350
3766
9215
7994
57659
4090
10077
50509
79901
2683
2290
3036
258
10928
9651
27035
6434
57539
29893
22894
3913
100506742
57633
3684
10286
10733
653499
23012
84667
84726
1874
10152
59067
5351
9463
132625
6461
4286
55520
80312
131377
886
146849
51009
1948
3004
2038
54751
63928
10231
29920
23263
128344
8419
2779
56923
8825
23418
3558
23082
642
139562
1401
165530
157777
688
26149
597
2558
1291
23054
5494
170487
9882
8170
10201
79922
2687
7026
2900
3707
53353
6582
317719
8676
128674
26287
553
5516
7090
4780
100129583
84079
5567
919
29117
221143
60488
9978
55016
57103
431705
79960
162282
96459
2209
2822
683
23463
3097
1602
27306
84886
5315
814
7419
7472
6256
8434
3592
56832
4188
643226
80709
79898
64097
11020
1880
23011
23595
6870
51550
112272565
57720
7917
81565
5316
23321
199720
6293
257177
10752
4879
3417
359710
23400
7170
8481
930
10015
6668
122970
644139
79858
285848
2220
5210
11171
5139
7015
80324
79258
285489
55670
54542
5449
4842
820
58524
57695
7248
221037
51738
5332
7047
57150
1373
140628
11160
9332
55870
22995
6549
1234
5296
5354
55172
9768
6571
23650
254359
80184
26027
9852
22899
55584
10481
1653
3955
84126
55621
6295
28996
5055
27039
2837
836
64856
89874
29956
7011
5725
8671
5986
57758
255488
3621
11219
9289
26092
1003
30001
399814
5286
23175
79583
9113
8237
344807
4247
4094
51074
10800
80854
6385
10150
79366
81892
100526761
255877
339488
51400
138050
22954
339324
466
54900
3694
7593
22993
9340
6588
55589
4160
2081
2581
9766
26259
8898
84894
58488
256126
146713
8000
7084
199221
6556
8128
51654
2834
6511
56203
22887
79728
8106
8161
5627
9079
79083
169026
55754
481
10978
4222
4544
23764
58158
211
9066
1663
23528
151449
9871
23205
8425
55764
7844
8091
378
22802
84197
63967
7584
201780
11006
200916
27031
6045
51167
56180
2634
3952
440
8832
10135
118471
4086
55964
50640
79792
705
1824
23259
3077
1490
368
10014
5996
8777
23401
9412
60526
55604
55274
54332
9638
30011
134701
1580
27136
25974
388743
25962
9528
3759
83593
8395
7805
317
10290
27342
23
9904
5125
151888
10905
25979
9588
9256
79828
54797
79836
10791
1180
3050
84034
4077
4284
157285
24147
19
26097
2268
4140
100131451
26065
3552
9053
23609
79893
5451
1870
22974
10
55654
10184
120526
3480
9126
7430
2043
138065
2172
9744
150223
51052
91754
29106
7040
9348
51043
694
53947
23645
3547
1917
2693
8749
3214
441161
338322
5917
339123
54788
9170
3485
150365
55716
7511
10087
147650
2155
3092
10343
5590
346
192111
148
80326
3358
4671
643418
2588
9401
359845
7342
4669
57678
283652
6526
27316
10352
8727
56624
84525
5995
84919
93974
729230
1131
762
64326
367
10094
10987
10621
10699
7538
4340
81501
5277
4976
56670
29907
8318
286410
4325
64843
6843
49
85300
3381
9530
375790
8844
3604
8557
9245
131578
114908
11178
51168
7543
253738
4485
55972
10062
1046
55247
9497
157848
5774
9097
23600
5478
5733
761
3630
5013
4046
29914
7846
124540
8320
6742
27253
51752
57687
55209
55885
2395
27232
4509
79152
3655
7786
5527
375704
84926
9687
22953
91689
64419
5213
8660
23102
143
4659
84189
83959
3880
246243
2324
1755
8624
2070
4613
23345
402415
6720
7108
255022
56606
2692
43
55851
283455
84699
246777
283571
125061
50945
2767
5743
837
27163
10783
2023
493
1855
11236
26301
9365
284403
2348
6648
4193
10716
5243
51538
121355
54898
80070
8499
1946
321
11317
2250
53344
84681
1288
11318
79977
7798
163183
9562
5571
50485
26121
254394
27121
10587
10381
4149
3852
5729
54413
53828
24145
9512
27434
30813
161742
686
1497
3645
27242
8828
10746
7253
5603
389
23168
56704
122876
3640
55861
388551
1877
6331
79677
23621
22986
60312
5198
81
64926
6425
5908
5283
2065
1595
10677
56616
10148
2488
347853
79180
23067
885
6433
7273
8945
3423
84181
54210
340895
6281
208
2585
5446
22882
51520
22808
1059
362
53637
3608
23539
127435
3690
3671
5654
3785
2842
84530
7423
47
5524
5238
80125
4353
4830
8566
79846
200186
9414
128821
93661
409
6446
55055
5291
2624
9179
10956
57127
54708
4303
431707
50846
26061
152
84923
4835
4882
1390
5771
9455
8480
6248
3958
641372
64376
10765
55705
94134
7038
9564
6688
114794
51128
995
56776
4065
1687
2909
11155
440073
7381
3375
7109
10268
9060
670
10309
598
10345
7112
23576
57047
1644
6613
10713
3433
56895
4343
338645
8528
7074
58498
30008
64377
56253
1030
9146
2568
124602
5550
253260
5592
80198
23327
113235
35
23762
4857
91768
5791
26229
6573
53335
349667
8242
286676
673
4585
7052
2120
5108
3298
3316
112399
10394
2299
26060
11041
29887
10272
3208
342574
79890
79958
6640
55074
9508
3627
55796
57379
25836
284656
1260
7322
2740
55183
266727
1146
50862
9050
6345
5826
3117
4173
64423
170506
5617
8013
8631
6400
5888
644076
55632
2622
2091
375033
10445
1031
1781
9821
10106
285704
3199
57158
3779
3831
80195
54927
5831
7517
2674
9620
462
429
126374
10095
51303
80306
2322
3235
5816
57402
83483
2000
1605
7069
10645
113
64837
6390
7508
1496
3361
9767
3939
140706
80314
387911
9732
284361
2173
3712
9788
2863
10562
10658
687
8667
93589
26574
29904
7137
9855
10947
114905
5338
125111
80835
11156
332
4794
10109
2524
54991
5142
23163
7143
1019
201294
9510
374291
4543
10217
401190
3356
114818
4864
9156
5586
10022
389084
164045
55349
29071
5078
1510
54504
65055
1412
81555
79054
9099
2162
65125
8803
1813
23028
23174
3127
1300
1894
9521
6697
150094
83643
25937
259236
3948
83481
84059
25996
6678
343930
3568
310
5333
55119
5159
9294
51266
2647
2217
4316
5884
23411
653
10999
9913
140767
9064
57178
124637
90407
2237
2978
5029
9498
201456
51466
63922
117531
219771
624
9628
146956
53904
6176
8467
64072
7841
10270
586
3565
30811
64400
26011
22934
623
10777
10565
1192
53616
1848
415117
22897
2549
9986
64132
6522
3149
6638
9968
8972
2730
79809
581
1620
56139
2561
7188
6654
55737
1815
924
3636
7172
8295
96764
9600
160857
6421
57497
166
29763
1437
79803
23094
341346
64783
3861
1439
2908
23218
8663
3692
7032
2874
654
2847
2036
80863
140679
5913
94033
6887
23341
54665
5987
22891
4741
3326
120114
26047
389827
84676
4609
51029
7476
128387
4520
10611
10332
7941
10125
92579
9187
64840
3217
7009
222962
199699
1839
22862
9031
1549
4205
1289
4199
2188
4189
3915
26074
5495
23506
84295
84695
347733
29980
8822
1380
4143
9049
2688
192134
56945
51582
2556
22943
3626
60485
3265
27020
63925
10728
348938
9611
57057
1111
5830
101928601
283297
220074
9110
5265
10787
56979
8862
10970
4436
9582
7075
6201
64754
27347
905
126147
5660
253430
7490
3821
80005
83439
22826
2665
26266
191
84647
10471
10858
2056
3837
57699
284207
115509
55366
8821
9290
11337
91147
51222
5768
90381
10347
22909
374654
23209
10811
8714
339403
27086
9698
10278
81537
6830
10955
30062
51665
5599
1240
2990
26052
10525
9641
127343
26050
55357
9960
54822
54472
53630
54964
8470
25925
339804
1466
1119
119391
2969
7027
11228
3309
6862
64432
83985
114783
4144
257169
2303
3756
339390
4653
5956
4302
2037
5152
26353
4116
23140
10175
8216
6004
2167
414062
7138
157855
4791
401138
57609
1400
405
6610
84678
1066
1535
22797
1622
30
659
5783
259249
5090
90139
1746
55330
5925
1298
6272
204851
3238
3360
3673
4117
65109
2780
3350
84838
10327
5137
1545
9945
1238
201626
3735
388
1293
3024
2146
51201
6910
5521
2852
51131
64398
860
51426
771
2800
89932
480
54551
83692
286053
23199
1992
55959
23682
64241
30849
1446
64768
6879
117583
2878
51151
115019
285598
3976
1366
84909
333929
972
3908
116448
667
5697
1349
2185
64858
1295
54843
112755
1852
10269
27183
842
54014
3060
8874
353500
8655
5173
5062
392617
136259
201292
900
146850
51522
85445
6092
6863
100526772
84101
1143
239
2917
3074
57646
27148
51804
10137
1583
10497
634
3651
1544
4314
7415
8767
22852
583
151987
579
5269
85476
54700
4301
112398
5519
7518
2306
1719
29927
59341
11047
440104
11076
3661
4010
9655
7756
2950
170692
197
3020
6789
5588
83729
4152
956
6392
23428
923
341640
139322
59338
2248
60682
7044
100527949
1392
203286
6687
150465
1207
2319
284266
169522
339221
80274
150221
84892
8076
51807
4647
112744
27429
3681
2487
84807
4014
330
9184
1025
286077
57585
4354
79066
3912
4886
5264
10542
83881
1488
55243
9774
57491
2865
22800
10771
80342
5187
80201
3593
10371
5698
55143
6934
23275
9541
89780
2906
7351
27445
57524
7879
203100
23093
26523
7849
54602
9319
63976
6820
10569
1814
3083
10933
1961
84109
5284
54978
9028
56852
255189
23640
2736
54360
26277
8407
4145
1184
3783
140685
5979
65979
5265
1601
384
6596
284467
10361
3483
2937
967
5789
25912
7320
100526740
8538
85461
8720
285126
8646
1978
64129
6837
7276
2890
5414
27291
3561
3248
79191
284119
27329
2492
387914
51501
57124
64084
9903
196
1845
259
9166
26086
64285
1073
6792
84206
841
6692
148327
6683
319100
55879
196264
83892
2702
10850
5786
80381
27164
2194
1593
92667
1237
10721
595
5170
94235
3371
54101
54954
218
3007
124935
200504
9023
8074
10806
353376
220004
5100
2066
23309
4831
728492
23017
5232
23349
729830
80351
999
3066
8021
2305
9495
10541
25829
6335
100131390
23541
140809
23304
161931
8438
3206
4174
112770
538
2017
54507
111216276
131177
23228
84456
5899
3456
22902
51548
7569
2975
1907
5337
53407
352909
117177
6456
64446
7485
3727
51147
432
130497
4255
124583
7347
9632
8831
1160
57820
6715
9368
8439
85360
23397
58529
5962
2593
7023
9966
387129
8914
2530
1912
1749
9474
9965
2177
822
27040
63940
6949
219931
780
540
10681
1947
5075
164781
1816
51593
11199
9892
6607
23513
8743
2041
10128
2016
9344
341676
23236
79135
113802
22861
8073
10324
1431
55846
53938
1060
3996
22881
2961
2304
153642
23357
4807
162466
55193
1650
55093
27345
1621
728464
5116
8846
146433
4915
59343
246778
3081
54922
4363
79822
9833
51802
54881
2897
8031
391723
9901
84063
141
3225
63826
26088
7326
554
10585
111
22907
27443
10572
57488
56975
58526
27012
136
23235
2353
6525
5704
3303
912
139516
23176
22796
56154
83737
5105
8883
23384
6770
116150
94137
54850
55188
1173
55072
3226
11183
6533
441282
2621
9536
962
57496
56147
54205
2770
8841
9894
5730
3574
4897
2813
50616
4175
54801
7100
112802
79269
23315
2560
10725
7480
636
11248
5935
389207
6671
7541
387332
10495
5496
54558
51172
80025
6224
8087
26995
668
347730
64122
6271
358
9908
6001
26019
54476
55743
5531
1161
25865
84279
3551
79887
28990
4858
26090
6000
23474
79068
10531
440699
255758
8989
6881
779
3664
119
6199
85302
205717
2243
3292
222546
92370
151246
6570
50487
57462
1374
2535
201229
5609
7329
5801
463
9862
79582
84935
7249
54784
1258
89857
55800
54496
326
4308
23417
8314
64327
57677
283375
945
340348
1052
10939
2064
7073
1081
9451
666
91624
2671
3242
129401
26999
55075
84465
151
441925
800
11189
7113
527
140803
7216
7443
79827
2821
6015
4151
9770
1819
3223
11149
84864
9755
1775
2099
793
8446
6234
55352
8440
133396
7046
4184
146771
10257
10332
10333
166929
6599
80146
55103
25771
114882
3624
2932
27122
611
57724
7030
190
1261
9759
2052
23192
144124
55711
56949
146802
65057
92017
4666
1278
26115
8994
3219
55740
9452
23032
54460
4157
23394
70
9647
389400
144535
9398
173
8509
7818
261734
10211
8872
5444
79155
6546
64374
3236
2864
51
84000
6314
6775
79073
11235
3172
57634
6309
89978
64805
1592
85509
56894
10919
4321
23172
646
25788
10695
6223
84700
10516
27127
4907
9407
5827
79035
23247
51652
54344
4761
5360
27141
54509
5293
708
6815
9470
23034
79987
10427
134288
9025
3748
83706
80217
51066
54433
176
1139
22920
56158
7226
55024
1002
64848
26031
83871
8639
23582
54596
56851
7701
51655
9180
6943
25953
3674
54742
5197
64184
9846
57348
167153
11329
54749
220074
2802
159296
10559
5447
161882
84056
338773
8973
5020
1869
4901
487
2814
55553
6861
2342
57215
6093
6469
249
5054
144245
5992
152518
9104
4729
3921
6343
442338
4826
57535
6249
83902
375056
51004
79947
5896
121599
6491
7389
80010
642636
1232
57650
4324
197259
2648
378938
1191
5805
23534
2110
4891
145226
2294
28959
51523
79603
5728
259230
6578
171019
59342
124056
1938
846
8447
221496
1134
9415
54757
79856
1312
6603
1793
4072
2737
22994
8473
8643
8633
92745
10020
84962
5732
328
9514
8910
220
113246
51755
7162
55329
6892
79923
4488
4185
83891
25858
2222
2314
25803
7369
64112
7010
4615
2618
84632
22845
27255
89941
1738
4967
137970
54982
387597
10111
10772
9118
1803
8555
9792
7432
57045
3171
5326
951
23137
4974
121643
29895
113091
8634
339366
283899
10016
4522
1264
84901
4542
23081
8462
8935
4644
139285
23064
4299
8576
64219
5501
6885
131566
1843
157506
22941
147906
100820829
346171
1836
4839
8672
10226
57669
1285
10468
6494
64170
8929
167691
6558
56005
80228
1054
10544
134187
100507027
11200
51542
8455
5595
9112
2981
1977
3005
7763
10149
84515
4689
9500
83982
5138
10142
3156
26585
4610
4233
8412
51138
23078
55540
54880
157724
4218
9705
2660
348980
6047
55214
57007
5506
9311
6169
2515
3883
5127
1690
7003
3280
5864
55512
56983
57799
2520
114907
54206
6319
5980
83605
6300
4482
5937
375
392465
91252
644890
969
8531
343
23316
55140
6810
486
8740
8870
64750
989
130576
79172
1666
84081
2020
10335
5306
10555
66037
1742
81620
25842
64900
59284
10099
53942
152330
23250
152002
81542
2153
23413
2868
340596
51129
5611
64478
165679
284654
961
348
9201
1230
7060
5375
23294
1739
155382
4041
167410
92002
85365
100190949
147991
5340
5355
10038
83759
79730
83875
4852
51388
5806
57107
4793
8614
3162
6646
392255
146227
282679
3751
3566
336
4758
7534
5317
5780
9491
181
11113
840
359948
11021
6103
131118
29123
11261
9783
55170
27005
10758
863
127544
55343
2161
25987
7498
84640
339967
23554
7286
29937
9672
89790
5066
1611
29882
5634
3119
80055
149233
262
5993
6275
55850
10540
7345
80856
9402
10380
3176
2289
9371
54890
213
6745
79574
56134
5325
55326
10723
7067
10983
27131
50937
3015
4649
65108
6009
116534
27159
774
23676
4283
118663
7319
9519
1029
2997
1951
2009
2115
51455
10474
84959
3460
4811
4091
10283
54550
7871
63924
3597
23551
8328
10436
65110
57167
57493
84260
7755
80380
25780
4437
57221
5756
325
4833
126
55013
2350
9646
64759
22999
394
79587
9567
91942
23254
84649
5450
4134
5537
6310
11232
84870
254225
284485
27344
55004
7873
64225
3799
9896
285527
6569
57863
1176
5426
22859
285381
4843
9921
2523
79689
3070
150684
727851
55693
7915
55191
718
3632
5798
54981
5681
547
1512
8900
54859
4685
4082
93649
152110
10892
84446
8100
56970
151306
3269
375323
221955
3758
55898
6354
114798
2274
2986
5502
124817
84896
931
55626
10083
8928
389549
2519
6928
55582
5898
10458
168620
9427
2993
784
117247
55835
7158
1244
50700
1761
64092
1047
657
1147
22987
7049
57154
9380
11055
84561
8650
81029
775
9555
7167
59335
7429
944
8858
3978
118611
12
5547
1786
55732
4282
3554
7274
3008
9784
55617
338821
25930
3839
9024
9575
5212
83463
9917
151313
11251
54566
6276
377841
1269
1903
3792
6788
51293
2670
408
9700
1600
6899
23542
92797
11144
283953
5051
56947
10017
283807
3835
8001
8761
3148
6429
998
6712
284358
84833
8775
63915
3992
10235
162427
114836
6834
1607
140733
10052
79652
3678
54454
83953
6495
7293
171546
6507
2547
1634
10856
149685
200014
3696
201633
6616
128408
134430
10396
7453
6590
80205
11234
8140
23155
123041
528
11342
23365
655
9607
2570
9020
9518
4739
440435
51478
57062
56902
5420
84002
7528
335
26330
10560
8048
23370
4068
541565
1062
632
3667
6288
2643
9406
30010
10
10018
4744
3814
5373
5624
90993
6866
79618
4714
25913
55922
6468
4942
54874
64421
121340
153572
8092
253512
5017
23326
6290
5874
3656
29947
10068
154664
3782
53826
1798
84803
6737
439996
399
58512
9609
84433
10959
120227
51163
9173
2280
51204
3982
7223
84944
57407
57626
83715
10370
51764
23500
23378
285220
4690
1164
3744
84913
343450
10666
4887
29970
1326
1856
2710
3669
1581
4536
479
2246
7184
7181
7520
26057
117144
8463
11267
56413
3953
118856
2662
8863
827
9400
23580
10048
57674
8993
8731
57513
7411
7942
55224
114781
4926
8609
81285
8932
4968
10536
7316
56888
90480
8520
342898
2101
9559
7378
8192
57162
796
84690
7035
2332
134510
2980
55285
25814
27295
1297
4342
83931
114609
10221
959
6564
93010
2526
8507
3032
129685
2169
1394
604
4166
5053
8514
7123
1284
64101
2330
926
55593
441024
25890
2113
5906
79595
56916
55669
221476
11132
255119
59285
3773
55544
8852
343641
22823
1419
3174
51106
55662
6579
4209
11061
83943
2058
6277
56853
10156
2035
4935
57554
7102
54901
53833
163589
3776
344018
51606
344167
2170
7122
2557
7481
1525
7200
2638
6263
5110
10620
254863
10392
955
112
151195
8504
254528
1654
3959
80254
2824
6563
60468
25805
6323
26525
51289
64431
8086
647309
4779
1857
51300
10425
1050
9063
2042
7458
80895
345275
10951
7301
9802
128710
29850
79813
8991
60675
5792
11126
2773
5030
242
3203
445
84930
56648
55215
10059
5295
4784
1969
54869
26140
896
3299
90355
22836
54897
22926
5747
818
27063
388015
25949
2873
2904
57583
57534
10360
3557
9021
7516
9070
23324
7957
55384
150864
81930
57761
64106
6097
10475
80739
84891
4919
84532
348013
27233
51554
5036
6916
9244
10660
2130
23207
9636
54946
22806
51085
124404
23770
6664
26580
54617
8565
2887
10379
7332
113451
90639
395
1833
123606
54764
64598
57506
9478
7086
55636
54456
126006
145873
55223
4352
9826
79591
100132074
7094
3459
83795
10223
10809
5818
29934
64175
10865
80204
374946
84140
57159
8642
6513
5520
3991
729956
23089
10276
56652
89
7782
23627
9622
2063
552900
11016
8464
25975
90637
1056
116255
9584
9232
9825
6259
56890
25807
80331
92737
25819
10564
9943
54903
63973
28989
51339
79810
5976
57689
340205
7465
221120
5122
81890
7054
57504
2050
2569
340990
2271
6448
6913
7414
57030
7832
27077
167
114805
1140
8521
10991
23216
83550
5334
27022
680
60482
55363
4776
54888
57597
8726
8773
10181
6492
2553
3062
93426
26258
22913
4601
1942
1628
50964
57835
89849
388585
197407
9019
90332
63827
9447
25898
1233
9356
348235
646627
2046
64426
1369
90952
2534
6427
12
5763
9741
5328
23461
116987
6598
6121
1997
57727
6709
143282
11277
79798
2776
9957
10912
3622
84445
23186
10451
399968
51286
23242
100532731
89910
201164
23385
84166
4163
11315
57121
9134
51750
7021
79671
55027
6258
3559
1181
4925
402381
1163
1730
83538
4593
2195
23503
195828
5178
9739
7101
9942
25776
64902
145957
8519
94233
246176
3161
8911
54502
84162
27240
139065
5739
8805
27343
10229
23464
3775
8394
136371
8809
8936
22911
3487
5880
4061
9411
23057
84938
6750
84868
4921
11133
55303
79188
6901
132612
25833
928
4317
3099
7145
51744
644150
259232
23113
51079
10395
1831
24
1399
255520
60506
8792
6560
4600
5870
6878
3213
4975
4216
102724652
6338
5573
8760
1800
7380
80279
84283
83696
58190
9331
29113
8689
26040
2554
2928
9780
1359
22873
56913
145501
23493
6624
84061
9131
8450
220296
81844
116369
2301
4648
51451
7436
23512
33
7462
10082
51701
489
5460
64753
3455
56912
112939
9963
5936
4617
338376
6817
200879
94025
970
3954
284339
5366
125950
5919
5199
4477
79412
1672
3708
3067
339829
2861
869
6659
55069
10690
64773
3687
340543
9619
2206
51298
51296
2796
10630
81544
54832
23098
282969
3765
5396
760
55630
275
114771
11326
51143
23383
71
5977
84502
4851
9827
1829
9058
54532
79679
9119
65267
2060
54585
10462
9034
6908
26128
1316
9313
976
127534
3932
6774
79589
4297
5045
2894
6874
83475
29119
6416
84223
51430
6524
4651
3398
4237
100130015
4225
57509
84572
6005
9075
9148
23544
645
8724
339983
3579
192670
5582
1612
51564
387990
1302
22
55315
174
83464
1136
83988
79065
2104
9482
3742
7174
221662
3738
728
6016
79864
5080
5457
5949
64776
460
157
115677
8909
5174
9276
54498
1586
4035
120071
5966
1464
7425
23552
285331
93183
290
3304
26038
610
6387
8527
3320
7275
8535
64343
118429
139324
54457
22955
6011
4990
54093
6280
29924
2912
2244
22820
6608
7750
2948
79961
57217
5926
22807
57148
23484
83756
287
2627
81858
6611
2880
6010
51474
132
23523
940
10365
85019
25928
10174
8559
283431
81839
55531
1616
132946
10233
57533
54808
4076
10657
56998
54536
51072
9026
11137
3718
4281
11136
343035
23274
8648
5990
93663
8239
2539
123803
366
763
163479
4683
7133
6477
3598
23071
5145
2264
11101
389119
4331
343990
79090
23457
4249
10008
64131
6440
497189
9644
57594
25831
4000
58511
202018
85329
11151
9423
55733
5630
80000
29928
6304
2196
23654
3769
27134
2705
9970
51540
151516
57404
55503
9459
766
57599
2902
57538
84435
4050
496
1785
51003
4773
3897
6241
64359
81627
220382
4168
6326
5194
3903
51306
2495
54676
3281
131
5261
6502
3848
114826
339745
105375396
4172
8534
65009
140
57337
1408
9840
50486
29780
5395
196527
51177
3192
25988
63932
6320
4772
9096
3133
7077
10814
3191
11252
5610
11230
56833
57447
101
5362
25864
9394
7266
1113
55177
6754
10922
402569
89884
80270
84812
57578
9271
9080
65059
7150
54799
5580
80790
5130
285590
23529
3091
6157
9681
1511
81857
585
54674
10457
2915
726
84324
9897
29954
10512
2022
6614
10391
26018
8811
80824
9424
2147
389058
5535
286753
9177
55904
54069
6018
114
6497
476
27339
51341
6543
9912
6926
7404
57153
811
2201
168507
60481
55198
6809
3709
100506736
8838
220202
8622
57172
27252
11172
286826
128486
1382
50489
3929
3612
427
220136
5134
255231
5623
9445
1460
6991
50856
4771
25759
79753
217
58504
5276
7852
25821
9577
7001
51099
10888
100126572
79674
6457
133
140730
5348
4311
363
475
91
3419
25911
2145
115
7004
340024
1290
2903
80263
301
5313
25902
26471
1551
27072
163
145258
6337
134864
79682
23049
149461
200150
220002
55915
126321
665
55706
341
162
55768
6814
9435
8560
10902
6660
4099
56052
22856
3611
8525
9948
2828
4952
8817
56474
5079
5241
223117
1355
26122
4836
65078
1660
57494
8916
2678
128869
55620
3945
11322
23157
8818
7025
51531
10254
4126
79174
4296
7289
9650
10501
9373
6319
266743
219293
23059
171023
54583
646457
54996
5790
84033
56159
153339
51098
91646
28999
7874
2165
64218
8288
26253
5950
4547
51763
131405
10785
6891
4055
302
866
3166
3061
1105
54840
6622
9374
9817
9590
28969
84254
54432
6518
2039
9472
10204
115004
6521
7375
114822
9040
342918
8924
51571
2033
5126
2669
55763
8517
56956
28982
129080
4829
132243
64969
1281
5915
9706
6480
6746
3556
6504
6324
2071
1633
222663
5596
57038
9466
2114
6237
8540
5255
682
202500
6911
2532
85480
10049
7141
126567
3956
54734
5445
23788
8543
6932
7716
130120
372
4951
2184
143686
115362
494188
107
1534
23241
7022
2241
8313
146183
5424
9247
4142
57679
1618
6523
28988
1491
29760
9631
1958
23322
29989
7057
9890
6747
6667
10472
51567
5150
3037
864
93973
3615
55897
378805
859
6327
1677
390916
10815
238
114990
388552
57115
6091
438
55742
2642
1834
1827
132112
51666
587
79139
80017
7837
7461
59339
11167
56963
147912
3297
5757
4795
2119
4358
4435
5331
2562
4148
51100
4854
7439
3142
7732
51194
54587
84296
256933
7813
8399
23287
5782
10554
113278
57453
4045
5289
55367
54407
9898
2193
51196
1421
90226
78989
27130
10637
11094
94241
152831
50508
23139
80864
6003
114785
63946
58189
4147
6785
55650
92714
283234
10046
23760
983
81532
56262
55008
7474
5745
5074
25970
9678
26073
8651
9444
253782
3270
11070
254065
5294
4338
5244
2542
1486
23516
9182
8890
1305
8444
79882
943
9586
140606
7337
1536
56172
116
3868
197021
55353
80114
25941
85358
51086
168002
64115
130399
7515
64801
84337
29968
57129
5095
56114
29966
92558
26271
57122
26227
26022
256302
2512
9094
1745
309
8788
9468
11073
23211
51592
3339
7781
619279
57616
91319
5648
8431
286
23633
7051
7221
284111
26276
25758
1471
163702
10400
644815
847
7079
652
3679
373509
4548
8820
9956
166378
5710
1804
80896
5636
389073
55
219743
10979
2838
6185
23562
1808
23624
9742
79767
10769
9656
389840
121512
2239
8626
7376
1524
339345
147744
51350
11325
3146
10462
26153
2846
6645
1306
54993
79148
192669
56623
8405
440400
340481
1509
57338
6711
257
10480
2307
57817
6508
57325
55568
10736
83479
59307
689
57003
83700
57017
2166
3713
6954
60626
144165
868
51379
377
3267
79026
51162
51703
65992
5997
966
26468
6334
3560
112609
5601
92140
219770
9515
56033
53834
83548
9734
1339
3845
3654
839
1236
23112
783
7328
8647
343263
6194
9531
50615
3200
11216
50649
115286
3914
7905
8452
9001
1632
55856
6783
5721
79598
140885
2778
219333
51065
1203
6612
56751
23683
891
23768
6996
83886
1379
79876
8880
64344
6196
11064
10388
7110
10319
8892
144577
123169
9843
6102
7204
30820
8729
50617
9212
2979
699
10036
5562
11173
5156
6656
6296
286207
149175
5738
9928
399687
5957
10938
25897
5071
147183
84675
9217
9746
10239
535
55611
3110
3567
5229
5700
5754
11112
9328
2021
514
4747
22905
10320
9343
375611
7325
137682
22858
5191
8608
124936
2741
738
29
59340
344901
10243
10861
2885
117532
26873
1994
23390
23553
5324
5469
4534
2059
8888
154796
84961
340152
3895
57152
161198
29115
29116
4825
1604
114789
472
551
11328
4774
160728
84329
2918
573
572
56254
56163
57530
9076
79085
644168
5781
8701
79955
3479
23409
5500
2645
122402
22906
9973
7005
124599
51637
89777
10076
2015
57526
55619
752
55288
81631
5026
2100
221477
54584
9790
2888
5345
7412
9635
3090
51382
1571
4860
3588
157570
10846
51377
53829
5033
400745
4081
10579
2159
2596
5933
26528
8382
3693
374
6665
116449
4661
2208
9542
23283
1838
5538
221833
54437
29988
4322
5589
254102
91010
2872
4214
3682
10060
5168
871
114034
9900
197131
5092
11034
23468
153562
9910
338692
1830
1021
5578
3394
53632
7201
8893
1585
825
54790
4326
22893
9839
10804
4904
3716
89797
9869
5566
631
3234
5019
2182
148867
23601
23410
114971
55240
286257
29789
478
5132
55114
11059
344658
57709
4440
5167
83641
5189
10397
60401
127833
84883
55159
339448
5268
56829
29990
1459
7405
2636
6405
6297
51087
2589
245711
8829
8678
8490
899
140609
54431
5151
8850
8317
2358
55506
25920
79075
2651
9829
10656
26281
79602
55692
2235
115703
22880
124626
284612
26173
126129
8739
5618
79918
10317
2121
5021
1806
5148
11319
4123
104
54475
2745
51363
8454
6531
29941
1124
4792
6515
4998
25828
387357
364
84623
27189
219699
4084
89765
10595
23111
51702
2571
66000
1844
862
2913
7124
146691
5931
4124
917
653437
9902
695
201163
6441
4985
387
10625
861
51232
1417
9138
947
23060
3949
51025
23180
22794
7965
6247
136242
4692
7450
25861
10058
3416
2263
3587
51010
3916
652991
7036
22936
84823
8165
26154
7264
81034
5428
117
58531
79885
23495
8876
60495
55576
3215
6318
27161
10913
55901
5101
2555
5300
4650
1267
8894
50814
116496
55971
5217
6344
283420
54805
5797
51514
26249
11181
5742
5868
55651
48
115207
1325
90167
3702
2200
8999
27123
4350
10402
5164
10675
3745
142678
5458
3857
25950
2251
2768
11158
6279
333926
1454
7039
4253
1805
79600
55859
5605
10670
27250
10561
64098
64321
64859
7783
824
348158
23435
5309
23230
29950
5479
58494
1346
23288
4750
54986
79902
1513
222487
3973
23095
56978
65217
26147
220107
2030
5965
5218
1774
286204
6489
9043
5311
5540
2788
92749
10389
57528
4541
5476
6383
3315
283417
57823
55530
28956
22884
80206
29915
85409
10314
27034
644186
54567
2811
167555
9990
5625
4087
152940
129446
100506421
2186
6299
92126
4287
4486
1013
57449
25998
1329
6875
84439
8575
9794
493869
6452
8925
6790
142
219854
1587
155
3038
7546
121268
8995
1152
3728
84899
5971
8912
6846
11174
152789
2870
55486
27327
9520
1116
8812
128178
140469
25981
5455
10753
2002
545
4481
1397
5339
977
100506013
128553
2869
57412
103
286887
84313
9419
2673
26503
2151
4624
23452
552
201973
493829
8675
27330
57617
8772
139760
1508
4913
1363
3736
22795
9997
51588
55847
79805
5564
15
4131
7791
3441
9603
4313
8416
10743
10891
83716
57549
6041
63908
9499
3553
199
933
6868
9464
20
253980
153222
23373
10140
93664
5454
4957
10085
9984
84717
4824
64579
23604
138151
29901
9546
57190
11177
11184
340061
7189
54853
57224
3484
92129
1606
353
11186
150696
4085
55079
255061
254170
55361
93
57715
5322
7431
84976
6007
130733
26577
57105
9214
1791
55717
23105
6776
345222
29993
1777
54845
3581
83546
5052
26030
2533
1411
50650
10553
23508
90427
317761
91807
3990
2067
6580
1788
55259
85444
64065
23210
58497
84636
706
8756
24148
2259
56999
2829
10715
3209
285203
7059
596
1647
441478
8301
3950
5932
100271873
4487
9379
55068
10439
6328
7033
11145
653275
27019
9723
9722
390212
91978
85441
9369
55681
55500
4681
23043
8569
8927
56479
729359
11309
6445
119559
5584
6829
10874
54514
23143
6929
133584
2743
8508
389015
91937
355
7531
9962
79192
10617
338567
10010
34
100287171
339122
29766
11001
8065
5770
9282
9320
1195
51060
3563
55130
30012
3620
2696
5250
272
57336
4808
2297
2629
1604
6305
4724
4026
23114
56897
3572
11346
2212
8997
4017
93986
9572
6581
4928
1398
10942
23184
146057
26254
4760
4939
23426
23518
342510
10116
283537
4982
55966
617
375449
84628
9670
22931
26103
830
10973
51773
57680
8195
64399
2267
8190
1263
5281
23659
50511
50855
27285
1027
56649
1893
63978
84153
84159
10131
80320
963
129807
9249
4583
1075
50484
32
8036
81876
84895
23405
51735
2321
23440
2019
54910
57393
157769
59350
1001
84725
51449
10460
9585
11081
121642
6422
8848
8277
3291
26036
84251
6850
170825
1999
3163
51230
26137
359
1499
4327
3240
387893
11056
56903
230
23416
10411
10322
406
122953
25932
54861
4043
1132
344758
91584
5813
56006
57472
57864
51393
339778
5048
23466
11025
23295
9791
81030
10265
23255
650
114780
6472
170392
84070
51279
6620
7053
187
5825
146722
55000
79956
1153
3084
2359
1106
57060
1434
23414
22801
6847
677
4781
22824
10855
29072
79647
9860
5335
641
3105
9048
9815
831
51633
10818
90390
3276
1145
57620
120892
5981
284428
9610
285855
1215
4036
9899
26059
400566
8484
116085
51440
83694
57610
7486
2907
4438
1763
1627
79912
1723
8938
7187
83719
246213
3797
100529144
10551
84314
8546
84875
135228
5425
361
9129
54941
4983
161291
5972
2697
79723
2584
27
257062
4359
3228
9935
40
7166
374354
127933
84941
22904
10000
23284
8562
4684
6714
23125
246184
10926
55239
2300
6059
9679
3428
6601
5050
2356
23005
8515
26224
3685
324
64067
64211
50859
9513
51199
53347
3184
391051
23022
215
29108
3998
50604
5553
166379
56925
6649
83850
5587
27154
887
5753
54097
109
85451
5887
284021
7097
8567
81616
5657
373156
114902
94
127943
55320
3508
1388
23467
271
142683
175
57537
7862
7334
27324
56957
21
1358
2690
11196
29851
778
5201
3918
84660
116985
3329
27244
2005
10580
5028
307
130026
158046
51384
92597
25978
203859
503542
2695
8424
56339
55284
10678
51343
7173
5793
5175
6605
85479
114899
2717
5528
10219
474
29102
79190
627
8644
6490
6716
3140
93611
1760
2116
4948
28514
4841
2317
81792
64506
2664
285362
51776
6514
1440
85369
257397
57048
64102
23774
8529
1277
23499
8563
353497
4052
79036
2118
83990
27006
1501
7504
3859
3035
2131
10522
60529
6655
286887
64428
9777
64407
3925
83639
8550
4734
10653
440503
9842
57611
6635
11255
10021
80758
23514
22883
29085
134218
383
3290
90678
7098
55937
11284
53354
9038
10763
83657
23509
91181
23136
163747
29974
8988
148523
8408
5653
494513
10717
55667
4645
3638
253558
11037
3689
9758
1385
116984
1996
11215
51301
5251
90007
1960
1287
663
171024
57010
79774
5532
5507
7507
259307
1463
57623
9522
23302
647265
3073
6496
92979
313
4060
1747
2012
7466
2769
10295
112817
9569
166336
55629
23556
376267
2157
2057
50632
54756
2896
27087
23648
10419
10105
22908
952
79415
9760
8842
4040
9378
4146
26091
344191
375387
25825
404672
4154
493856
92154
57165
10615
57211
6530
719
5948
8835
644414
4512
84133
154288
7290
117584
2521
5077
5176
79971
84986
9931
3906
8451
23657
25871
8891
83590
5068
90523
80781
137735
8477
64746
942
8564
2899
55765
1436
219
4616
285498
11218
10013
4129
27124
3064
114804
2044
10882
3263
765
2752
408187
4057
7707
153396
3815
322
5619
27185
646486
5350
1995
23498
57113
5575
11040
10622
94121
1778
8658
57096
2934
283463
5318
396
23424
4318
84168
4063
29959
11083
55872
653082
54952
55137
29883
6696
268
7704
1582
55697
7547
91893
9152
347475
11124
91461
64137
3205
7072
4591
5865
27152
8745
6347
8638
7070
134957
9937
79801
80776
7804
7128
6542
1386
126549
132884
2891
132141
51083
1121
5879
150084
54499
816
6975
5413
24146
1950
2205
64409
8878
5272
8436
10755
6329
349565
3762
4671
79084
5155
3512
80221
2998
3662
10006
7175
51095
4008
126075
27102
10797
6695
23272
7092
8698
1965
4878
246329
10500
11331
10464
163259
152404
4863
359787
4137
2047
8491
55845
84261
6478
4118
5025
3475
8608
374462
5819
3418
51119
342184
7050
6860
4176
920
23303
8612
4629
121278
27146
11335
8813
10232
23276
4665
64787
488
10266
111216278
79080
7042
140689
5394
138639
2817
10242
892
89845
10642
987
23765
25851
340719
57505
255738
2018
5330
51496
5889
3936
482
835
79109
55328
6197
132001
9191
4208
152273
339768
6647
6827
148479
10920
4869
390790
64388
9782
10484
56955
84867
51144
5452
9616
26354
567
57085
11231
84966
635
4088
2923
54760
81031
285237
9051
8502
60314
5371
7140
79661
80208
55421
63943
4170
7855
1610
80169
56288
26278
121260
55890
55601
9242
602
51062
256356
25816
9580
83460
3135
3695
8754
27037
684
284359
23293
345
8685
2158
83999
167227
55788
2849
7168
3232
56301
9501
10610
80212
64220
2308
11035
57580
124590
4605
10196
130574
57636
58495
25946
64518
4607
56910
3400
56165
79831
286262
85442
5959
773
90627
84824
6253
403313
22901
971
727857
84897
6520
3631
83741
9807
3788
59272
60528
3985
6777
81846
57697
55603
51294
4159
51734
54738
6844
147
57448
3150
136991
9211
79705
889
4938
27023
6833
5310
4171
22890
3359
25960
24140
145553
79989
23152
51277
55702
3659
55714
81929
6725
334
6444
27033
7368
9751
664
22846
7478
4319
56603
5608
8707
26234
1129
122042
79047
9547
283871
90780
27235
320
5652
1350
10848
50809
81567
1241
144347
56848
54
79441
85415
844
5368
122481
9858
58484
2266
6002
54538
2591
4905
3111
150483
4719
11320
7903
443
6689
6536
1185
8139
57101
5777
79648
29122
468
26054
51317
3000
387640
493753
2331
10518
11009
2810
8448
710
5009
117154
1032
3596
1208
1729
5209
26548
8111
2253
3399
8824
8120
1789
54829
10911
25841
2444
64061
4702
1410
9376
283446
30
158401
55157
112869
3010
26005
2192
391123
1024
10766
64866
326340
100125288
91179
6017
8604
401251
8321
7442
10586
79852
9213
5118
7341
1120
8808
53832
55331
100507003
374986
3983
898
2580
3383
2804
1520
10112
701
9355
1452
3481
11093
4814
23025
51560
55527
5406
92482
83697
64784
153
83552
51389
6294
1445
1826
5523
2249
79637
64864
10316
3053
3902
430
83983
50805
285335
23603
6768
3851
7252
79631
10418
1474
9992
3486
4656
9055
8662
256471
5892
8793
8737
23592
161725
782
7536
81894
57198
1594
2784
254887
1432
85301
80725
22888
5015
114799
51778
85439
5737
51364
4351
9101
7225
6718
90060
645323
515
8536
6839
57731
9044
10686
81623
79654
54477
340595
11202
6414
3683
4005
23269
83852
55790
1015
1006
4239
114757
8823
91304
79998
2529
149998
4603
6609
1235
50618
3386
11340
221656
5216
23533
728637
3739
64744
3274
1270
2827
9308
196410
1045
134391
7263
390748
5890
8115
79005
777
2672
10298
732
2984
51465
23162
83660
